Sample Random Numbers from 0 to 9
-------------------------------------
 2  1  8  5  9  6  5  0  0  1  0  5  1  6  1  3  8  9  5  8 
 2  7  7  4  2  1  0  8  9  7  7  2  7  3  7  2  3  2  5  1 
 8  5  2  5  3  3  8  5  1  8  3  5  3  0  1  3  3  0  5  0 
 9  4  2  2  4  8  0  8  0  8  0  0  6  8  6  1  0  0  9  6 
 1  6  4  5  3  6  5  6  0  6  8  2  6  6  9  6  9  5  2  4 
 4  3  4  4  2  5  7  3  4  6  4  6  2  9  0  2  3  2  6  2 
 5  7  2  2  1  3  1  6  2  6  2  7  5  8  6  1  1  0  4  9 
 7  4  0  3  8  9  5  0  1  6  8  3  9  2  3  9  0  1  5  5 
 7  0  5  7  7  1  3  7  5  4  5  5  9  4  7  6  5  7  0  4 
 1  0  4  3  8  0  5  7  9  6  8  9  7  8  4  4  2  3  2  5 
 3  0  7  9  8  4  8  4  4  2  3  7  4  3  6  5  4  7  9  0 
 9  4  9  4  4  6  2  9  4  2  2  1  0  0  2  5  0  7  7  4 
 3  9  3  9  7  2  5  1  7  5  0  1  5  5  7  1  7  8  8  8 
 8  5  8  7  4  7  9  6  1  6  2  4  2  4  5  0  4  5  1  8 
 9  7  6  5  7  2  0  8  8  0  8  1  8  7  3  4  1  0  0  1 
 2  1  0  3  4  4  0  6  2  5  9  8  6  8  1  4  4  2  9  0 
 0  1  7  3  3  4  4  1  2  0  0  6  1  9  8  3  9  0  3  4 
 1  9  2  9  4  5  6  4  0  5  4  3  9  1  8  6  8  1  6  7 
 4  5  0  7  3  3  0  6  1  4  5  9  9  9  1  6  8  8  5  9 
 5  1  7  9  3  8  4  8  5  0  7  0  1  7  5  5  7  5  2  5 


Distribution
-------------------------------------
Value  0 Count 10001532
Value  1 Count 9998275
Value  2 Count 10000964
Value  3 Count 10000360
Value  4 Count 10000476
Value  5 Count 10001174
Value  6 Count 9997858
Value  7 Count 10001571
Value  8 Count 9999180
Value  9 Count 9998611
