Sample Random Numbers from 0 to 20
-------------------------------------
20 19  1  3  7  0 12  5  8  8 13 12 20 12  2 10 17  2  2  3 
 7 10 12 11 16 11 10 14  9  5 18  4 10  4 13  6 15  7 11  0 
19  3 14 14 19 19 12 11 18 16  4 12 17  8 16  3  9 16 17 18 
 7  5 18 13  1 17  8 14 15 17 11 11  3  5 12  8  4  5  2 17 
 5  7 19  5 13 16  1  0  6 16  1 10  3  1  6  8 14 11 12  4 
19 20 13 17 18 10 15 11  4 14 13 16 10  6 17  7  1  8  9  3 
 0 16  3 13 14  1  8  4  9  8  5 13 13  5  8 18 17  3  1 12 
18  2  6 10  2 17  5 11 18 10  2  7 15 20  6  9 17  3  6  7 
17 18 11  1  9 18  7 17 14 18 11 18 19 18  7  5 18  3 16 11 
14 11 20 14 14 16 16 15  5 10 11 19  9  1  4  7 19  9  1 16 
 1  5  5  4  0 10  4  2  1 19 19 20  9  1  2  9 16  8 17  9 
13 20 10 18 11  5 19  8 17 14 16 14 15 19  3 12 19  0  7  0 
12  4  1  6 16  9  9  2  4  5  5 18  0 12 13  6  1  9 12 12 
17 15  3  7  8  4 15 14  0  2 16  1  3 18  8 14  4  7 19  8 
 7 10  1 15 15  2 11 16 16  3 12 18  8  3  1 12  8 10  1 20 
 5 10  8 12  5 15  2 20  6 18  3 19  6  0 10 12 15  7  1 12 
20  2 12  6 16  2 18  1 18 16 20  9  3  3 16 19 16  5 11  5 
 7  9 17  7 13 18  5 12 13 13  6  1 14 12  5 11 20  2 20  6 
 8 14  8  4 13 18  8  5  8 18 16  4 10  3  5  8  4  1  8  7 
 7  8 13  7 11 14 11 18 19  1 15  9  5  1  7  7  7 12 17  2 


Distribution
-------------------------------------
Value  0 Count 4761592
Value  1 Count 4762367
Value  2 Count 4760658
Value  3 Count 4763664
Value  4 Count 4759142
Value  5 Count 4760988
Value  6 Count 4761880
Value  7 Count 4763371
Value  8 Count 4761034
Value  9 Count 4761602
Value 10 Count 4763143
Value 11 Count 4761463
Value 12 Count 4762222
Value 13 Count 4762394
Value 14 Count 4761568
Value 15 Count 4760970
Value 16 Count 4761639
Value 17 Count 4762645
Value 18 Count 4761769
Value 19 Count 4763550
Value 20 Count 4762340
