Sample Random Numbers from 70 to 99
-------------------------------------
86 95 92 97 99 99 87 73 93 79 82 71 93 95 86 88 87 83 94 94 
89 80 99 82 86 70 89 84 89 73 89 97 88 73 91 81 98 73 86 99 
73 94 89 90 81 98 79 97 71 98 93 97 81 95 76 78 96 86 98 84 
91 84 96 84 79 75 79 71 79 79 70 74 88 96 98 83 86 73 86 72 
74 81 76 71 91 74 85 88 90 84 71 87 78 99 94 74 76 96 80 76 
72 76 99 99 98 83 97 87 81 74 98 78 80 93 84 99 84 88 95 73 
90 83 88 84 97 94 89 82 93 94 80 78 71 92 92 75 89 79 86 73 
92 75 75 80 83 71 75 82 89 87 74 77 92 70 96 72 87 89 86 78 
70 99 93 78 73 74 72 91 75 72 82 87 74 76 76 98 79 95 91 97 
75 88 81 73 81 97 84 78 99 84 70 83 96 99 77 78 83 82 77 92 
91 84 90 89 73 95 87 85 97 81 84 93 71 90 71 88 91 74 76 75 
84 75 90 86 71 78 84 94 95 81 73 86 73 89 99 76 79 74 84 71 
88 82 91 98 75 89 92 97 77 72 93 90 97 90 91 93 80 94 70 97 
79 89 93 87 87 95 83 72 73 74 79 93 80 97 88 71 83 97 96 91 
99 70 94 74 84 88 91 77 85 76 82 96 95 74 92 80 99 82 82 74 
91 91 91 81 79 88 85 95 97 88 82 93 75 72 91 78 91 77 96 80 
94 70 83 71 83 85 75 97 85 83 88 83 87 98 84 86 89 88 79 85 
94 92 79 90 80 93 94 72 82 70 75 87 82 77 88 84 70 73 81 75 
78 74 89 77 88 90 82 73 77 89 85 98 99 70 90 79 86 85 70 87 
92 94 81 90 89 76 75 86 79 78 92 83 91 75 85 75 74 93 90 72 


Distribution
-------------------------------------
Value 70 Count 3333407
Value 71 Count 3334133
Value 72 Count 3332597
Value 73 Count 3333306
Value 74 Count 3333940
Value 75 Count 3334212
Value 76 Count 3334063
Value 77 Count 3333305
Value 78 Count 3333575
Value 79 Count 3332399
Value 80 Count 3333126
Value 81 Count 3333381
Value 82 Count 3332503
Value 83 Count 3331730
Value 84 Count 3333751
Value 85 Count 3332759
Value 86 Count 3332881
Value 87 Count 3334478
Value 88 Count 3333256
Value 89 Count 3332583
Value 90 Count 3332375
Value 91 Count 3334036
Value 92 Count 3332344
Value 93 Count 3332880
Value 94 Count 3333871
Value 95 Count 3333300
Value 96 Count 3334621
Value 97 Count 3333403
Value 98 Count 3333708
Value 99 Count 3334078
