--------------------------------------------------

Levenstein distance = 3

       |  e |  l |  e |  p |  h |  a |  n |  t |
       |    |    |    |    |    |    |    |    | 
     0 |  1 |  2 |  3 |  4 |  5 |  6 |  7 |  8 |
------------------------------------------------
 r   1 |  1 |  2 |  3 |  4 |  5 |  6 |  7 |  8 |
------------------------------------------------
 e   2 |  1 |  2 |  2 |  3 |  4 |  5 |  6 |  7 |
------------------------------------------------
 l   3 |  2 |  1 |  2 |  3 |  4 |  5 |  6 |  7 |
------------------------------------------------
 e   4 |  3 |  2 |  1 |  2 |  3 |  4 |  5 |  6 |
------------------------------------------------
 v   5 |  4 |  3 |  2 |  2 |  3 |  4 |  5 |  6 |
------------------------------------------------
 a   6 |  5 |  4 |  3 |  3 |  3 |  3 |  4 |  5 |
------------------------------------------------
 n   7 |  6 |  5 |  4 |  4 |  4 |  4 |  3 |  4 |
------------------------------------------------
 t   8 |  7 |  6 |  5 |  5 |  5 |  5 |  4 |  3 |
------------------------------------------------

--------------------------------------------------

Levenstein distance = 3

       |  k |  i |  t |  t |  e |  n |
       |    |    |    |    |    |    | 
     0 |  1 |  2 |  3 |  4 |  5 |  6 |
--------------------------------------
 s   1 |  1 |  2 |  3 |  4 |  5 |  6 |
--------------------------------------
 i   2 |  2 |  1 |  2 |  3 |  4 |  5 |
--------------------------------------
 t   3 |  3 |  2 |  1 |  2 |  3 |  4 |
--------------------------------------
 t   4 |  4 |  3 |  2 |  1 |  2 |  3 |
--------------------------------------
 i   5 |  5 |  4 |  3 |  2 |  2 |  3 |
--------------------------------------
 n   6 |  6 |  5 |  4 |  3 |  3 |  2 |
--------------------------------------
 g   7 |  7 |  6 |  5 |  4 |  4 |  3 |
--------------------------------------

--------------------------------------------------

Levenstein distance = 2

       |  d |  o |  c |  t |  o |  r |  w |  h |  o |
       |    |    |    |    |    |    |    |    |    | 
     0 |  1 |  2 |  3 |  4 |  5 |  6 |  7 |  8 |  9 |
-----------------------------------------------------
 d   1 |  0 |  1 |  2 |  3 |  4 |  5 |  6 |  7 |  8 |
-----------------------------------------------------
 o   2 |  1 |  0 |  1 |  2 |  3 |  4 |  5 |  6 |  7 |
-----------------------------------------------------
 c   3 |  2 |  1 |  0 |  1 |  2 |  3 |  4 |  5 |  6 |
-----------------------------------------------------
 t   4 |  3 |  2 |  1 |  0 |  1 |  2 |  3 |  4 |  5 |
-----------------------------------------------------
 o   5 |  4 |  3 |  2 |  1 |  0 |  1 |  2 |  3 |  4 |
-----------------------------------------------------
 r   6 |  5 |  4 |  3 |  2 |  1 |  0 |  1 |  2 |  3 |
-----------------------------------------------------
 n   7 |  6 |  5 |  4 |  3 |  2 |  1 |  1 |  2 |  3 |
-----------------------------------------------------
 o   8 |  7 |  6 |  5 |  4 |  3 |  2 |  2 |  2 |  2 |
-----------------------------------------------------

--------------------------------------------------

Levenstein distance = 13

       |  t |  h |  e |  a |  m |  a |  z |  i |  n |  g |  h |  o |  u |  d |  i |  n |  i |
       |    |    |    |    |    |    |    |    |    |    |    |    |    |    |    |    |    | 
     0 |  1 |  2 |  3 |  4 |  5 |  6 |  7 |  8 |  9 | 10 | 11 | 12 | 13 | 14 | 15 | 16 | 17 |
---------------------------------------------------------------------------------------------
 m   1 |  1 |  2 |  3 |  4 |  4 |  5 |  6 |  7 |  8 |  9 | 10 | 11 | 12 | 13 | 14 | 15 | 16 |
---------------------------------------------------------------------------------------------
 a   2 |  2 |  2 |  3 |  3 |  4 |  4 |  5 |  6 |  7 |  8 |  9 | 10 | 11 | 12 | 13 | 14 | 15 |
---------------------------------------------------------------------------------------------
 g   3 |  3 |  3 |  3 |  4 |  4 |  5 |  5 |  6 |  7 |  7 |  8 |  9 | 10 | 11 | 12 | 13 | 14 |
---------------------------------------------------------------------------------------------
 i   4 |  4 |  4 |  4 |  4 |  5 |  5 |  6 |  5 |  6 |  7 |  8 |  9 | 10 | 11 | 11 | 12 | 13 |
---------------------------------------------------------------------------------------------
 c   5 |  5 |  5 |  5 |  5 |  5 |  6 |  6 |  6 |  6 |  7 |  8 |  9 | 10 | 11 | 12 | 12 | 13 |
---------------------------------------------------------------------------------------------
 i   6 |  6 |  6 |  6 |  6 |  6 |  6 |  7 |  6 |  7 |  7 |  8 |  9 | 10 | 11 | 11 | 12 | 12 |
---------------------------------------------------------------------------------------------
 a   7 |  7 |  7 |  7 |  6 |  7 |  6 |  7 |  7 |  7 |  8 |  8 |  9 | 10 | 11 | 12 | 12 | 13 |
---------------------------------------------------------------------------------------------
 n   8 |  8 |  8 |  8 |  7 |  7 |  7 |  7 |  8 |  7 |  8 |  9 |  9 | 10 | 11 | 12 | 12 | 13 |
---------------------------------------------------------------------------------------------

--------------------------------------------------

Levenstein distance = 2

       |  l |  a |  d |  y |  g |  a |  g |  a |
       |    |    |    |    |    |    |    |    | 
     0 |  1 |  2 |  3 |  4 |  5 |  6 |  7 |  8 |
------------------------------------------------
 l   1 |  0 |  1 |  2 |  3 |  4 |  5 |  6 |  7 |
------------------------------------------------
 a   2 |  1 |  0 |  1 |  2 |  3 |  4 |  5 |  6 |
------------------------------------------------
 d   3 |  2 |  1 |  0 |  1 |  2 |  3 |  4 |  5 |
------------------------------------------------
 y   4 |  3 |  2 |  1 |  0 |  1 |  2 |  3 |  4 |
------------------------------------------------
 b   5 |  4 |  3 |  2 |  1 |  1 |  2 |  3 |  4 |
------------------------------------------------
 a   6 |  5 |  4 |  3 |  2 |  2 |  1 |  2 |  3 |
------------------------------------------------
 b   7 |  6 |  5 |  4 |  3 |  3 |  2 |  2 |  3 |
------------------------------------------------
 a   8 |  7 |  6 |  5 |  4 |  4 |  3 |  3 |  2 |
------------------------------------------------

